1381
180 118
181 118
182 118
183 118
184 119
185 119
186 119
187 119
188 119
189 120
190 120
191 121
192 122
193 122
194 123
194 124
195 125
196 126
197 127
198 128
199 129
200 130
201 131
202 132
203 133
203 134
204 135
204 136
204 137
205 138
205 139
206 140
207 140
208 140
209 140
210 140
211 140
212 140
212 141
213 142
214 142
215 142
216 142
217 141
218 141
219 141
220 140
221 140
222 140
223 140
224 139
225 139
226 138
227 138
228 138
229 138
230 137
231 137
232 137
233 137
234 136
235 136
236 136
237 136
238 135
239 135
240 135
241 135
242 134
243 134
244 134
245 133
246 133
247 133
248 132
249 132
250 132
251 132
252 131
253 131
254 131
255 131
256 131
257 131
258 130
259 130
260 130
261 130
262 130
263 129
264 129
265 129
266 129
267 129
268 129
269 128
270 128
271 128
272 128
273 129
274 129
275 128
276 128
277 128
278 128
279 128
280 128
281 128
282 128
283 128
284 128
285 128
286 128
287 128
288 128
289 128
290 128
291 129
292 129
293 129
294 129
295 129
296 129
297 129
298 129
299 130
300 130
301 130
302 130
303 130
304 130
305 130
306 131
307 131
308 131
309 131
310 131
311 131
312 131
313 131
314 131
315 131
316 132
317 132
318 132
319 132
320 132
321 132
322 132
323 132
324 132
325 132
326 132
327 133
328 133
329 133
330 133
331 133
332 134
333 134
334 134
335 135
336 135
337 135
338 135
339 136
340 136
341 136
342 136
343 137
344 137
345 137
346 138
347 138
348 139
349 140
350 140
351 141
352 142
353 142
354 143
355 143
356 144
357 144
358 145
359 145
360 146
361 146
362 147
363 148
364 148
365 149
366 149
367 150
368 149
368 148
368 147
369 146
369 145
369 144
370 143
370 142
370 141
370 140
371 139
372 138
372 137
373 136
374 135
375 134
375 133
376 132
377 131
378 130
379 129
380 129
381 128
382 127
383 127
384 127
385 126
386 126
387 127
388 127
389 127
390 127
391 127
392 127
393 127
394 127
395 127
396 127
397 127
398 127
399 128
400 128
401 128
402 128
403 128
404 128
405 128
406 128
407 128
408 129
409 129
410 129
411 130
412 130
413 131
414 132
415 132
416 132
417 132
418 133
419 134
419 135
420 136
420 137
421 138
421 139
421 140
421 141
421 142
422 143
422 144
422 145
423 146
423 147
423 148
424 149
424 150
424 151
424 152
425 153
425 154
425 155
425 156
425 157
425 158
425 159
425 160
426 161
426 162
426 163
426 164
426 165
426 166
426 167
426 168
426 169
426 170
426 171
426 172
427 173
427 174
427 175
427 176
428 177
428 178
428 179
428 180
428 181
428 182
428 183
428 184
429 185
429 186
429 187
429 188
429 189
429 190
430 191
430 192
430 193
430 194
431 195
431 196
431 197
431 198
431 199
431 200
432 201
432 202
432 203
432 204
432 205
433 206
433 207
433 208
433 209
434 210
434 211
434 212
434 213
435 214
435 215
435 216
436 217
436 218
436 219
436 220
436 221
437 222
437 223
437 224
438 225
438 226
438 227
438 228
438 229
439 230
439 231
439 232
440 233
440 234
440 235
440 236
440 237
441 238
441 239
441 240
442 241
442 242
442 243
442 244
443 245
443 246
443 247
443 248
443 249
444 250
444 251
445 252
445 253
445 254
445 255
446 256
446 257
446 258
446 259
447 260
447 261
447 262
447 263
447 264
448 265
448 266
448 267
448 268
449 269
449 270
449 271
450 272
450 273
450 274
450 275
451 276
451 277
451 278
451 279
451 280
452 281
452 282
452 283
452 284
452 285
453 286
453 287
453 288
453 289
453 290
453 291
454 292
454 293
454 294
454 295
454 296
454 297
455 298
455 299
455 300
455 301
455 302
455 303
455 304
455 305
456 306
456 307
456 308
456 309
456 310
456 311
456 312
456 313
456 314
456 315
456 316
456 317
456 318
456 319
457 320
457 321
457 322
457 323
457 324
457 325
457 326
457 327
457 328
457 329
457 330
457 331
457 332
457 333
457 334
457 335
457 336
456 337
456 338
456 339
456 340
456 341
456 342
456 343
456 344
456 345
456 346
456 347
456 348
456 349
456 350
456 351
456 352
456 353
456 354
457 355
457 356
457 357
457 358
457 359
457 360
457 361
457 362
457 363
457 364
457 365
457 366
457 367
456 368
456 369
456 370
456 371
456 372
456 373
456 374
456 375
456 376
456 377
456 378
456 379
456 380
455 381
455 382
455 383
455 384
455 385
455 386
455 387
455 388
454 389
454 390
454 391
454 392
454 393
454 394
454 395
454 396
454 397
454 398
454 399
454 400
454 401
454 402
454 403
454 404
454 405
453 406
453 407
453 408
453 409
453 410
453 411
453 412
453 413
453 414
452 415
452 416
452 417
452 418
452 419
452 420
452 421
452 422
452 423
452 424
451 425
451 426
451 427
451 428
450 429
450 430
450 431
450 432
450 433
450 434
450 435
450 436
449 437
449 438
449 439
449 440
449 441
449 442
449 443
449 444
449 445
448 446
448 447
448 448
448 449
448 450
448 451
448 452
448 453
448 454
447 455
447 456
447 457
447 458
447 459
447 460
447 461
447 462
447 463
446 464
446 465
446 466
446 467
446 468
445 469
445 470
446 471
445 472
445 473
445 474
445 475
444 476
444 477
444 478
444 479
444 480
443 481
443 482
443 483
443 484
442 485
442 486
441 487
441 488
440 489
439 490
438 491
437 492
436 492
435 492
434 492
433 492
432 492
431 492
430 492
429 492
428 492
427 492
426 492
425 492
424 492
423 492
422 491
421 491
420 491
419 491
418 491
417 491
416 491
415 490
414 490
413 490
412 490
411 489
410 489
409 489
408 488
407 488
406 487
405 487
404 488
403 489
403 490
402 491
401 492
401 493
401 494
401 495
401 496
401 497
401 498
400 499
400 500
400 501
399 502
399 503
399 504
398 505
398 506
398 507
397 508
397 509
397 510
396 511
396 512
396 513
395 514
395 515
394 516
394 517
394 518
393 519
392 520
392 521
391 522
391 523
391 524
390 525
390 526
389 527
389 528
388 529
387 530
387 531
386 532
386 533
385 534
384 535
384 536
383 537
383 538
382 539
381 540
381 541
380 542
379 543
379 544
378 545
377 546
376 547
376 548
375 549
374 550
373 551
373 552
372 553
371 554
370 555
369 556
369 557
368 558
367 559
366 560
365 561
364 562
363 563
362 564
361 565
360 566
359 567
359 568
358 568
357 569
356 570
355 571
354 572
353 573
352 574
351 575
350 576
349 577
348 578
347 578
346 579
345 580
344 581
343 582
342 583
341 584
340 584
339 585
338 586
337 586
336 587
335 588
334 589
333 589
332 590
331 591
330 591
329 592
328 593
327 593
326 594
325 594
324 595
323 596
322 596
321 597
320 597
319 598
318 599
317 599
316 599
315 600
314 600
313 600
312 601
311 601
310 601
309 601
308 602
307 602
306 602
305 602
304 602
303 603
302 603
301 603
300 603
299 603
298 604
297 604
296 604
295 604
294 604
293 604
292 604
291 604
290 604
289 604
288 604
287 604
286 604
285 604
284 604
283 604
282 604
281 604
280 604
279 604
278 604
277 604
276 604
275 604
274 604
273 604
272 604
271 604
270 603
269 603
268 603
267 603
266 603
265 602
264 602
263 602
262 602
261 601
260 601
259 601
258 600
257 600
256 600
255 600
254 600
253 600
252 600
251 599
250 599
249 599
248 599
247 598
246 598
245 598
244 598
243 597
242 596
241 596
240 595
239 595
238 595
237 594
236 594
235 593
234 593
233 592
232 591
231 591
230 590
229 589
228 589
227 589
227 588
226 587
225 587
224 587
223 586
222 585
221 585
220 584
219 583
218 583
217 582
216 581
215 581
214 580
213 579
212 578
211 578
210 577
209 576
208 576
207 575
206 574
205 573
204 572
203 571
202 571
201 570
200 569
199 568
198 567
197 566
196 565
195 564
194 563
193 562
192 561
191 560
190 559
189 558
189 557
188 556
187 555
186 554
186 553
185 552
184 551
183 550
183 549
182 548
181 547
181 546
180 545
179 544
179 543
178 542
178 541
177 540
177 539
176 538
175 537
175 536
174 535
174 534
173 533
173 532
172 531
172 530
171 529
171 528
170 527
170 526
169 525
169 524
168 523
168 522
167 521
167 520
166 519
166 518
166 517
165 516
165 515
164 514
164 513
164 512
163 511
163 510
162 509
162 508
162 507
161 506
161 505
161 504
161 503
160 502
160 501
160 500
160 499
160 498
159 497
159 496
159 495
159 494
159 493
158 492
158 491
158 490
157 489
156 488
155 488
154 488
153 489
152 489
151 489
150 490
149 490
148 490
147 491
146 491
145 491
144 491
143 492
142 492
141 492
140 492
139 492
138 492
137 492
136 492
135 492
134 493
133 492
132 492
131 492
130 492
129 492
128 492
127 491
126 491
125 490
124 489
123 488
122 487
121 486
121 485
121 484
120 483
120 482
120 481
120 480
120 479
119 478
119 477
119 476
119 475
119 474
118 473
118 472
118 471
118 470
118 469
118 468
118 467
118 466
118 465
118 464
118 463
118 462
117 461
117 460
117 459
117 458
117 457
117 456
117 455
117 454
117 453
117 452
117 451
117 450
117 449
117 448
117 447
116 446
116 445
116 444
116 443
116 442
116 441
116 440
116 439
116 438
116 437
116 436
115 435
115 434
115 433
115 432
115 431
115 430
115 429
115 428
115 427
115 426
115 425
115 424
115 423
115 422
115 421
114 420
114 419
114 418
114 417
114 416
114 415
114 414
114 413
114 412
114 411
114 410
114 409
114 408
114 407
114 406
114 405
114 404
113 403
113 402
113 401
113 400
113 399
113 398
113 397
113 396
113 395
113 394
113 393
113 392
113 391
113 390
113 389
113 388
113 387
112 386
112 385
112 384
112 383
112 382
112 381
112 380
112 379
112 378
112 377
112 376
112 375
112 374
112 373
112 372
112 371
112 370
112 369
112 368
112 367
112 366
112 365
112 364
112 363
112 362
112 361
112 360
112 359
112 358
112 357
112 356
112 355
112 354
112 353
112 352
112 351
112 350
112 349
112 348
112 347
112 346
112 345
112 344
112 343
112 342
112 341
112 340
112 339
112 338
112 337
112 336
112 335
112 334
112 333
112 332
112 331
112 330
112 329
112 328
112 327
112 326
112 325
113 324
113 323
113 322
113 321
113 320
113 319
113 318
113 317
113 316
113 315
114 314
114 313
114 312
114 311
114 310
114 309
115 308
115 307
115 306
115 305
115 304
116 303
116 302
116 301
116 300
116 299
116 298
117 297
117 296
117 295
117 294
118 293
118 292
118 291
118 290
118 289
118 288
119 287
119 286
119 285
120 284
120 283
120 282
120 281
120 280
121 279
121 278
121 277
121 276
122 275
122 274
122 273
122 272
123 271
123 270
123 269
123 268
124 267
124 266
125 265
125 264
125 263
125 262
125 261
125 260
126 259
126 258
126 257
126 256
127 255
127 254
127 253
127 252
127 251
128 250
128 249
128 248
128 247
129 246
129 245
129 244
130 243
130 242
130 241
130 240
131 239
131 238
131 237
132 236
132 235
132 234
133 233
133 232
133 231
134 230
134 229
134 228
134 227
135 226
135 225
135 224
136 223
136 222
136 221
137 220
137 219
138 218
138 217
139 216
139 215
139 214
139 213
140 212
140 211
140 210
140 209
141 208
141 207
142 206
142 205
142 204
143 203
143 202
143 201
143 200
143 199
144 198
144 197
144 196
144 195
145 194
145 193
145 192
145 191
145 190
145 189
145 188
145 187
145 186
145 185
146 184
146 183
146 182
146 181
146 180
146 179
146 178
146 177
146 176
146 175
147 174
147 173
147 172
147 171
147 170
147 169
147 168
148 167
148 166
148 165
149 164
149 163
149 162
149 161
149 160
150 159
150 158
150 157
150 156
151 155
151 154
151 153
152 152
152 151
152 150
152 149
153 148
153 147
153 146
153 145
154 144
154 143
154 142
155 141
155 140
155 139
155 138
156 137
156 136
156 135
157 134
157 133
157 132
158 131
158 130
158 129
159 128
160 127
160 126
161 125
162 124
163 123
164 122
165 122
166 122
167 121
168 121
169 120
170 120
171 120
172 120
173 119
174 119
175 119
176 119
177 119
178 119
179 119
